1110010000
1010000001
1011110000
1001000001010011
100111100
1000100000100000
111100000
1011010110
1000100010
1011110111110
101011010110000
111011000010011
1111110000
10110011011000011
10110110101
1000001100110011
11101011001
1001111010111100001
1100000110100011
10110111111
1111111111
111111100011
1000011
10011101
100100000001111
1111100
11000101110001
1000010110101
110011011110
1110111000001010
111011111010
100111011101011010
101111011011011101
11000101001100
1010000100010000
110101011001
1011101010101101
10011011000111000
100000000
1111111011100010
1110101000001
1010010110
10000000111
11111001111101011
11000011010110
1
100001111
101001000010001
111011111
1001001101011000
100100110101
110100101110000111
1011011111000101
1101110011101
111111111
1010100101000
10010100101110
100100110100000100
1001001111010110
101000011
111010011010001
100000011000
1100101101
1110100011100011100
110111010110
1100100010101000101
1001100110000
101011001101000
11111111
10011010000
10001011000
1100000010011010101
100100111001
10110111111011
1101011100110000000
1110011110011100
11001000101
11111001001
111001111100
100010000111
11100100011011
110011100101110
1000010100
1101000100001101011
110001011010001
11101111001001101
11111111
10100100011001101
1001101100100
1000011100101110
10011110001000010
1100110001110
111111111
1000011100011
1010111101111
1101010010100111
10111001001011001
100001101101101
1101111001101111111
10001101011101111
