761 22
-25486 -84206
47008 15323
-87145 -78171
-85127 1697
-10536 -65222
-52131 95557
13374 12568
52104 -47493
-42333 83087
19260 4062
20448 37180
80114 -31162
61512 -68581
64866 -80070
63437 -60292
-16310 54303
-44497 47050
-30373 84710
68879 -99148
-13593 74696
-64370 -49371
70253 49004
63197 -61291
17864 -79136
-78203 53476
-58722 -41403
-9344 37745
27435 -47832
-14484 -91346
-27902 -51047
64714 -27859
19609 36569
35543 89236
21280 -79225
6440 24039
95471 42070
74668 -17924
-92574 37866
20786 25290
-24918 -41065
-21234 16361
17532 69422
-45894 61319
37943 -44026
-13675 -89959
-78720 -48960
98534 40889
3961 34078
-53523 -74759
54853 52917
49281 50324
-5013 23949
48752 -81235
78167 -30462
44056 -46750
-55175 -77178
-14037 -21291
8597 -43579
-59971 -53460
12395 -57294
72933 33675
-6254 71468
-25436 97708
-78102 21041
39301 76751
90310 -11418
-56573 -98351
28884 8531
-79585 7051
78070 64471
60301 -77105
3645 62616
1605 -87758
-80963 -42014
75134 31433
692 48068
-34892 10791
-64112 -43975
-75149 74138
-6582 64152
-32759 -99919
69087 -72980
-98270 -2029
35551 -77855
21374 -70027
2968 98028
-47131 -93386
60644 -29174
35208 79682
-54836 10343
11115 -37792
74763 -7425
72999 27003
-35048 14202
-82507 -25277
94707 -15266
-25196 63794
11754 -23466
78117 -52695
-84968 -509
93631 18000
-86129 -53500
-59034 74516
-66322 -7473
54198 95194
19222 81665
-42598 -89663
-25760 46754
-46308 -44455
-39044 -28815
30268 -44337
55919 -94928
35809 84025
97958 -69722
47682 -87010
-53878 41313
-52657 -40007
4165 -95339
-65491 -45805
-2812 5059
-50611 -83590
-13276 6792
43099 60965
-46454 96791
32862 -69146
-32024 -36870
-13482 40247
84554 38679
24272 82512
-14690 -28045
11855 31432
29620 59198
7777 -66214
63859 42287
-12019 77400
63698 37371
10162 -49577
60515 -46738
27740 -85939
-49947 -39398
-55085 -65618
23732 -52215
74629 8286
2817 -1098
-9202 88127
-12791 19005
-64089 -83171
-21797 43688
66967 58415
-97673 71301
-47833 66026
8672 62329
-83551 -30813
31943 44189
99600 81997
21143 -55485
32731 -55125
-91347 7360
-30487 11470
22614 -23337
-84051 -90177
95669 -48140
43005 -26128
11900 -73676
48639 -69420
97625 -99194
96606 6297
-20512 29407
-8164 -88569
89948 -8564
9780 11091
-47696 -57489
-27682 -39043
49872 41831
-11221 -27514
34846 4728
98662 30515
-27060 -41981
20740 84840
-15657 -30621
-84580 -18031
86538 28378
4618 -33974
74137 12807
-22543 -19563
20595 87238
7880 72899
-70251 80198
50208 -4027
-61619 -61013
68460 73228
-39933 -16526
-79905 33007
-42155 40835
17848 42188
26567 -50380
40509 13105
-5649 61480
79131 -31512
-25713 72940
48926 94882
-23470 73158
-15866 6280
-30291 -65658
-97747 8090
89682 -12935
97670 -50251
-13109 -82234
82757 44736
58601 -83043
-96723 -98480
82929 43786
14625 -22720
-78382 -89892
45769 -4095
-599 -88953
-92860 75931
557 -92374
-17789 70266
58320 -99183
-21643 48002
-95766 92379
14104 -8874
-89855 -86787
52214 -14901
46522 55491
-13381 29451
-84370 17597
-93268 53600
-55943 -31147
65858 43458
-20100 72998
19390 -3191
80624 -98399
-32924 -44704
18770 -38215
-96701 23005
-45836 -66245
30483 80662
63320 99049
82113 9842
-29107 85084
-60707 -97125
2681 -53975
56475 46739
14878 22333
-93451 11130
-88317 25939
-92060 8659
-56107 -24984
63956 62663
-46847 -16393
-97980 7317
17362 -51145
-95669 -19318
-52095 86444
90524 -64850
71529 46169
-61975 90562
92195 94500
-46347 -76575
-66814 -39797
-49092 -55131
86142 75200
53529 -69965
-49784 17485
9051 3369
-98908 -72577
27038 -65194
-23721 31370
15488 -59464
17814 -77636
-24314 -94305
68533 -69937
96258 -22920
-75437 -50089
506 74101
10114 -32234
-81029 -3743
-57034 72500
-57356 -90466
-93663 51695
-70745 -92571
-4529 56293
-57765 71750
-95985 -25925
28638 -61818
-87209 20676
-56123 81324
50739 56487
74757 75302
-93601 91615
-34244 -67135
-40619 -15273
-54526 2347
73579 -11881
11881 79916
56166 -42512
3697 -48363
-86219 45932
39739 34149
36359 84729
72331 49150
5405 32560
-53174 -43856
-10952 -78417
47799 -88201
-86802 -86445
-55336 -27421
-1718 -93509
-8722 88213
-89038 19511
68129 67128
76999 -28174
35118 7133
34110 91209
-58718 -29531
75939 29965
-80381 -18656
-37475 -33555
-46159 51573
-95619 -98360
63372 -82421
-84805 24389
-9841 -70171
30880 -2211
-81958 41842
-82699 86171
-74678 94300
74349 -23208
-82215 8459
84354 -40933
-4720 60293
89032 -68749
57989 -48442
-85952 -88170
19483 -81571
29822 99208
-63991 45017
-60051 -57480
-8802 70829
40309 9240
-70977 -26038
-88237 70697
84615 2464
-52510 -97600
27275 -68156
-38532 -77445
8489 66852
-46194 82830
34762 -32145
94661 -45754
-97364 24483
69806 -61355
85853 -90245
97517 93403
-3064 -45821
-81004 25959
28141 -69241
-86992 12756
-50424 76850
-68491 76851
-91306 -7023
99407 -66465
-40171 69565
-83634 10944
53772 27379
65190 56409
68214 34996
11406 54067
-38897 8924
47471 58039
63103 66467
-99650 -92404
13578 -86642
-63295 -20494
90209 -31786
-43642 15255
-22457 -44235
-34857 -46276
41682 -18491
64668 -4545
-91112 -53790
-48136 77102
-2442 63270
-52478 58661
-27806 11345
-66948 51649
94164 -66598
-24402 -75906
63113 12303
3601 -30326
-3131 59959
84929 74412
32076 -49928
-71864 -26242
-52067 92805
69213 73173
55367 37429
-33372 -47074
700 -69498
-88413 -10754
41847 -55360
-59104 -47637
94394 16494
-23543 57507
45149 80058
-72819 -57982
-43631 28463
-83570 4797
-5113 60918
78556 42821
-29925 -35879
15994 -74557
-98449 -1026
-21631 -81397
29476 -93692
7849 -28677
-49052 -34903
-59962 -54657
-2057 16496
19202 -56908
-87094 46384
-98538 85628
-25153 34244
-9575 -13914
-4837 85333
-71093 65238
65807 -38746
7033 -16290
60228 85402
2313 -10295
91711 -89838
-22620 59011
91612 17419
20706 -10445
50267 -60091
-51000 -20475
86293 -49538
-34847 77492
84707 -28069
-36422 96222
-42736 -91162
61460 -76929
-29908 84846
-76867 46672
-13400 25446
-63623 94663
-48039 -69890
53675 -56427
47529 -25619
-50520 -85852
14290 -1520
-6327 -83065
48943 58827
10779 -49998
-69242 74358
-53776 -95626
83196 24036
43798 69640
8882 66931
16312 95483
-7622 -30958
90146 -39309
-848 -39827
-79384 63033
-49093 -29904
77181 -18451
68577 -29146
-1515 -66128
-70319 -90736
-16126 76791
-26 -53550
81166 99522
70486 24964
-14486 -20631
-8105 -98173
91204 625
-29131 -2298
61316 -13627
57876 81932
-50594 -91217
-47971 -73413
-9668 36958
-2559 5169
-12818 -56525
-69214 71056
-79734 30760
-82494 -98568
-53365 4344
26396 32149
83713 34644
-49672 -8731
-64731 -62451
88972 96586
23922 -36800
-5130 73328
88335 -36749
16267 -21333
-99791 -86291
189 -12609
-42816 30975
74799 -22550
78087 8657
95235 41074
-86998 -62017
-26776 13067
72627 -60096
20689 -92103
-22546 9661
20835 17728
-10787 32057
-92591 -22452
95309 23676
-27433 11870
37385 72756
99262 10921
-79917 -9587
4724 98171
99071 -83689
-44403 28425
-45706 28821
57844 43274
-14922 -21467
-32477 -21116
4546 88358
96612 93759
-63233 -95979
87659 -67924
27698 -39773
43947 81435
49335 -40439
-91291 -14229
49974 -70215
-99706 -34603
-53904 -44109
10174 390
84713 -31981
-56336 86143
46552 11187
-34973 67451
-84103 -38361
61210 -47335
82013 -34778
-98907 -73937
-58199 45040
23850 91136
-95399 32559
-23093 -29072
62344 -22799
-47323 24792
33093 62852
41535 -65842
-69129 85199
36653 -6225
-87261 -98320
-38774 44988
79671 38789
14005 61684
-95989 15099
87747 -54188
-39861 11598
53300 81093
60509 46560
-47979 -60794
40113 4698
63998 89558
83902 5533
40068 -85227
-92915 -23279
8549 -80176
-21599 -13873
-18836 -41927
-75084 95170
36109 45279
10269 23857
91091 -13240
51807 -39256
-32147 12316
-92696 -63774
-32126 -36231
-42723 -68127
-46672 -58821
37406 93396
-44047 -39157
86470 -19146
97019 -35129
-16667 -21816
-60704 8250
-26646 -8242
69881 -25
31967 -22675
86735 -16226
38069 70941
12442 -38275
23519 80317
25494 80796
-87810 78822
-78024 -34052
-11429 94281
26792 -24959
91487 23811
-43736 -25180
18347 -88087
-578 8053
3671 -30696
-91972 -64362
46629 11116
-64236 -98950
-17943 -35442
-37225 -94424
-55125 4621
2725 73417
-16556 -58947
55718 -11633
-64666 98862
-20240 43173
-60975 -47624
34345 57373
-35711 50120
-34574 -15688
-80576 -26545
-63698 -17595
923 -27934
99807 -668
36625 -37418
-78740 -2148
67203 23985
87622 66999
65038 43340
71718 16724
42202 -48522
-40103 -2421
3855 94243
-45048 -15504
-39285 20379
68809 96491
10186 -94889
-21104 -88891
93530 95055
10441 -53493
73989 31701
44359 -42456
72039 31981
40896 37077
91673 12614
70154 -49773
-19555 -69949
47807 652
40646 -97241
1500 -98639
-60510 -29691
97852 49676
91773 93100
-22863 85303
4507 3930
48162 -21504
51984 -7479
36041 24023
40855 -23063
77452 32528
5903 47606
-892 2700
-5990 -53085
-96648 -65344
66026 4853
52370 -94483
-8486 -33426
-28455 -16713
76027 48683
84942 -19466
-47387 33104
59031 -95403
41978 -88576
-55028 -17167
-11639 -77575
31713 10616
70031 -69179
-86683 -35959
94088 -83331
-84950 60115
-62126 -16228
-18016 29389
50346 53529
29028 26373
2212 -69677
23260 -28822
63427 -17709
92127 -78243
-6285 -62900
4590 -1572
75877 52656
-90956 -37740
-171 38713
-57346 -6082
-28265 -42296
70385 9609
-42172 -47631
55350 -91826
-94102 -15621
-49100 -75537
-68946 74160
-88007 94481
-43549 -95880
32591 -33482
57572 53533
-18702 33449
6189 -93306
12062 22371
45408 54716
-83711 -82857
-87580 3026
-56896 -29752
55395 98455
94774 -22355
99186 -54326
-81540 -69760
36186 -69547
41073 8989
50926 -26336
75507 8498
-72802 73157
58300 -50261
79852 -29638
72110 25260
-74922 4751
-41245 53850
-92223 1859
40450 -20476
314 35224
-26478 -84148
-2749 -8018
-53908 -66563
22436 87166
42427 -26638
77182 -65714
-1788 20732
-92556 -43488
70472 3648
26874 -41066
45260 -31696
63686 -95985
-77846 -12185
5874 62604
67340 22541
-85819 -59138
-45255 -72216
-50804 838
-38779 71632
-95644 20000
61346 -2110
-29361 75911
-81377 94435
-67577 5447
-1917 -24350
64381 -56657
43954 -55581
63710 66109
-51413 -30416
-54935 -84073
8477 -40754
