81
6761145 8444825
3266414 4015199
1207055 7991086
2247461 2347362
345040 4883446
2520880 6543121
2065011 2489966
7473359 8549062
2241638 7124136
3107445 6319608
170786 1385000
1213543 5367951
7473651 7639955
7214257 8026611
3120388 4061430
5476432 6326461
1942256 8337246
5750726 8017070
3745624 4688675
3665904 7096248
659457 8596212
665177 3798408
8397586 8619074
7437688 8540384
840357 2091457
3047157 3537932
6870222 8234384
3457015 6637318
6759702 7629051
7233873 7727152
5485459 5863722
3887975 6955518
5579503 7278242
4719732 5080323
4535945 7477963
6172143 7448275
85125 4712172
7919872 8058119
488560 5157032
4634639 5982550
4171750 7400046
3726412 5668956
3312497 7369444
8125845 8481406
3367405 7932575
4078642 7561688
4952727 7267446
1793284 5525178
3118023 8393990
5370061 5714408
411357 7118055
5605724 7179266
3892228 7935292
3121897 7586121
5765860 6392448
7096058 7242894
8194685 8396178
3719582 6640480
3518603 8066129
7092085 7312708
4087850 6302929
8495224 8613066
4650049 5371472
5085512 6788744
2314229 6552076
934745 4141958
6124130 6780129
7381124 7984299
4192417 6342995
7153500 8283278
2385910 4404760
2635888 7006595
1954733 2514224
7600481 7615282
5099955 8565611
5115696 5975293
2745998 5230725
3741087 7138018
2168486 6985746
676823 8111730
3408526 5336967
