100 50 2 1
101 1 1 1
202 2 1 1
303 3 1 1
404 4 1 1
505 5 1 1
606 6 1 1
707 7 1 1
808 8 1 1
909 9 1 1
1010 10 1 1
1111 11 1 1
1212 12 1 1
1313 13 1 1
1414 14 1 1
1515 15 1 1
1616 16 1 1
1717 17 1 1
1818 18 1 1
1919 19 1 1
2020 20 1 1
2121 21 1 1
2222 22 1 1
2323 23 1 1
2424 24 1 1
2525 25 1 1
2626 26 1 1
2727 27 1 1
2828 28 1 1
2929 29 1 1
3030 30 1 1
3131 31 1 1
3232 32 1 1
3333 33 1 1
3434 34 1 1
3535 35 1 1
3636 36 1 1
3737 37 1 1
3838 38 1 1
3939 39 1 1
4040 40 1 1
4141 41 1 1
4242 42 1 1
4343 43 1 1
4444 44 1 1
4545 45 1 1
4646 46 1 1
4747 47 1 1
4848 48 1 1
4949 49 1 1
5050 50 1 1
5151 51 1 1
5252 52 1 1
5353 53 1 1
5454 54 1 1
5555 55 1 1
5656 56 1 1
5757 57 1 1
5858 58 1 1
5959 59 1 1
6060 60 1 1
6161 61 1 1
6262 62 1 1
6363 63 1 1
6464 64 1 1
6565 65 1 1
6666 66 1 1
6767 67 1 1
6868 68 1 1
6969 69 1 1
7070 70 1 1
7171 71 1 1
7272 72 1 1
7373 73 1 1
7474 74 1 1
7575 75 1 1
7676 76 1 1
7777 77 1 1
7878 78 1 1
7979 79 1 1
8080 80 1 1
8181 81 1 1
8282 82 1 1
8383 83 1 1
8484 84 1 1
8585 85 1 1
8686 86 1 1
8787 87 1 1
8888 88 1 1
8989 89 1 1
9090 90 1 1
9191 91 1 1
9292 92 1 1
9393 93 1 1
9494 94 1 1
9595 95 1 1
9696 96 1 1
9797 97 1 1
9898 98 1 1
9999 99 1 1
10100 100 1 1
