200 1 300 1
2 2 1 1
4 2 2 1
6 2 3 1
8 2 4 1
10 2 5 1
12 2 6 1
14 2 7 1
16 2 8 1
18 2 9 1
20 2 10 1
22 2 11 1
24 2 12 1
26 2 13 1
28 2 14 1
30 2 15 1
32 2 16 1
34 2 17 1
36 2 18 1
38 2 19 1
40 2 20 1
42 2 21 1
44 2 22 1
46 2 23 1
48 2 24 1
50 2 25 1
52 2 26 1
54 2 27 1
56 2 28 1
58 2 29 1
60 2 30 1
62 2 31 1
64 2 32 1
66 2 33 1
68 2 34 1
70 2 35 1
72 2 36 1
74 2 37 1
76 2 38 1
78 2 39 1
80 2 40 1
82 2 41 1
84 2 42 1
86 2 43 1
88 2 44 1
90 2 45 1
92 2 46 1
94 2 47 1
96 2 48 1
98 2 49 1
100 2 50 1
102 2 51 1
104 2 52 1
106 2 53 1
108 2 54 1
110 2 55 1
112 2 56 1
114 2 57 1
116 2 58 1
118 2 59 1
120 2 60 1
122 2 61 1
124 2 62 1
126 2 63 1
128 2 64 1
130 2 65 1
132 2 66 1
134 2 67 1
136 2 68 1
138 2 69 1
140 2 70 1
142 2 71 1
144 2 72 1
146 2 73 1
148 2 74 1
150 2 75 1
152 2 76 1
154 2 77 1
156 2 78 1
158 2 79 1
160 2 80 1
162 2 81 1
164 2 82 1
166 2 83 1
168 2 84 1
170 2 85 1
172 2 86 1
174 2 87 1
176 2 88 1
178 2 89 1
180 2 90 1
182 2 91 1
184 2 92 1
186 2 93 1
188 2 94 1
190 2 95 1
192 2 96 1
194 2 97 1
196 2 98 1
198 2 99 1
200 2 100 1
202 2 101 1
204 2 102 1
206 2 103 1
208 2 104 1
210 2 105 1
212 2 106 1
214 2 107 1
216 2 108 1
218 2 109 1
220 2 110 1
222 2 111 1
224 2 112 1
226 2 113 1
228 2 114 1
230 2 115 1
232 2 116 1
234 2 117 1
236 2 118 1
238 2 119 1
240 2 120 1
242 2 121 1
244 2 122 1
246 2 123 1
248 2 124 1
250 2 125 1
252 2 126 1
254 2 127 1
256 2 128 1
258 2 129 1
260 2 130 1
262 2 131 1
264 2 132 1
266 2 133 1
268 2 134 1
270 2 135 1
272 2 136 1
274 2 137 1
276 2 138 1
278 2 139 1
280 2 140 1
282 2 141 1
284 2 142 1
286 2 143 1
288 2 144 1
290 2 145 1
292 2 146 1
294 2 147 1
296 2 148 1
298 2 149 1
300 2 150 1
302 2 151 1
304 2 152 1
306 2 153 1
308 2 154 1
310 2 155 1
312 2 156 1
314 2 157 1
316 2 158 1
318 2 159 1
320 2 160 1
322 2 161 1
324 2 162 1
326 2 163 1
328 2 164 1
330 2 165 1
332 2 166 1
334 2 167 1
336 2 168 1
338 2 169 1
340 2 170 1
342 2 171 1
344 2 172 1
346 2 173 1
348 2 174 1
350 2 175 1
352 2 176 1
354 2 177 1
356 2 178 1
358 2 179 1
360 2 180 1
362 2 181 1
364 2 182 1
366 2 183 1
368 2 184 1
370 2 185 1
372 2 186 1
374 2 187 1
376 2 188 1
378 2 189 1
380 2 190 1
382 2 191 1
384 2 192 1
386 2 193 1
388 2 194 1
390 2 195 1
392 2 196 1
394 2 197 1
396 2 198 1
398 2 199 1
400 2 200 1
