100 1 1000 1
101 1 100 1
202 1 99 1
303 1 98 1
404 1 97 1
505 1 96 1
606 1 95 1
707 1 94 1
808 1 93 1
909 1 92 1
1010 1 91 1
1111 1 90 1
1212 1 89 1
1313 1 88 1
1414 1 87 1
1515 1 86 1
1616 1 85 1
1717 1 84 1
1818 1 83 1
1919 1 82 1
2020 1 81 1
2121 1 80 1
2222 1 79 1
2323 1 78 1
2424 1 77 1
2525 1 76 1
2626 1 75 1
2727 1 74 1
2828 1 73 1
2929 1 72 1
3030 1 71 1
3131 1 70 1
3232 1 69 1
3333 1 68 1
3434 1 67 1
3535 1 66 1
3636 1 65 1
3737 1 64 1
3838 1 63 1
3939 1 62 1
4040 1 61 1
4141 1 60 1
4242 1 59 1
4343 1 58 1
4444 1 57 1
4545 1 56 1
4646 1 55 1
4747 1 54 1
4848 1 53 1
4949 1 52 1
5050 1 51 1
5151 1 50 1
5252 1 49 1
5353 1 48 1
5454 1 47 1
5555 1 46 1
5656 1 45 1
5757 1 44 1
5858 1 43 1
5959 1 42 1
6060 1 41 1
6161 1 40 1
6262 1 39 1
6363 1 38 1
6464 1 37 1
6565 1 36 1
6666 1 35 1
6767 1 34 1
6868 1 33 1
6969 1 32 1
7070 1 31 1
7171 1 30 1
7272 1 29 1
7373 1 28 1
7474 1 27 1
7575 1 26 1
7676 1 25 1
7777 1 24 1
7878 1 23 1
7979 1 22 1
8080 1 21 1
8181 1 20 1
8282 1 19 1
8383 1 18 1
8484 1 17 1
8585 1 16 1
8686 1 15 1
8787 1 14 1
8888 1 13 1
8989 1 12 1
9090 1 11 1
9191 1 10 1
9292 1 9 1
9393 1 8 1
9494 1 7 1
9595 1 6 1
9696 1 5 1
9797 1 4 1
9898 1 3 1
9999 1 2 1
10100 1 1 1
