0
0.0981
0.293319
0.584686
0.971239
1.45203
2.02611
2.69255
3.45042
4.29882
5.23683
6.26356
7.37812
8.57964
9.86725
11.2401
12.6973
14.238
15.8614
17.5667
19.353
21.2196
23.1656
25.1903
27.2928
29.4723
31.7282
34.0596
36.4658
38.9461
41.4996
44.1257
46.8237
49.5927
52.4322
55.3414
58.3196
61.3661
64.4802
67.6613
70.9087
74.2217
77.5997
81.042
84.548
88.117
91.7484
95.4416
99.196
103.011
106.886
110.82
114.813
118.864
122.973
127.139
131.361
135.639
139.972
144.361
148.803
153.299
157.848
162.45
167.104
171.81
176.566
181.373
186.23
191.137
196.092
201.097
206.149
211.249
216.395
221.589
226.829
232.114
237.445
242.82
248.24
253.704
259.211
264.761
270.354
275.989
281.666
287.384
293.143
298.942
304.782
310.661
316.58
322.537
328.533
334.567
340.639
346.748
352.895
359.078
365.297
371.552
377.843
384.169
390.529
396.925
403.354
409.817
416.314
422.843
429.406
436.001
442.628
449.287
455.978
462.7
469.452
476.235
483.049
489.892
496.765
503.668
510.599
517.56
524.548
531.565
538.61
545.683
552.783
559.91
567.064
574.244
581.451
588.684
595.942
603.226
610.536
617.87
625.229
632.613
640.021
647.453
654.908
662.388
669.89
677.416
684.964
692.535
700.129
707.744
715.382
723.041
730.722
738.424
746.147
753.891
761.656
769.441
777.246
785.072
792.917
800.782
808.666
816.57
824.493
832.434
840.395
848.373
856.37
864.386
872.419
880.47
888.538
896.624
904.727
912.847
920.985
929.138
937.309
945.496
953.699
961.918
970.153
978.404
986.67
994.952
1003.25
1011.56
1019.89
1028.23
1036.59
1044.96
1053.34
1061.74
1070.16
1078.59
1087.03
1095.48
1103.95
1112.43
1120.93
1129.44
1137.96
1146.5
1155.04
1163.6
1172.18
1180.76
1189.36
1197.97
1206.59
1215.22
1223.87
1232.52
1241.19
1249.87
1258.56
1267.26
1275.98
1284.7
1293.44
1302.18
1310.94
1319.7
1328.48
1337.27
1346.07
1354.88
1363.69
1372.52
!
