0
0.981
1.95219
2.91367
3.86553
4.80788
5.7408
6.66439
7.57875
8.48396
9.38012
10.2673
11.1456
12.0152
12.876
13.7283
14.572
15.4073
16.2342
17.0529
17.8633
18.6657
19.46
20.2464
21.025
21.7957
22.5588
23.3142
24.062
24.8024
25.5354
26.261
26.9794
27.6906
28.3947
29.0918
29.7819
30.465
31.1414
31.811
32.4739
33.1301
33.7798
34.423
35.0598
35.6902
36.3143
36.9322
37.5438
38.1494
38.7489
39.3424
39.93
40.5117
41.0876
41.6577
42.2221
42.7809
43.3341
43.8818
44.4239
44.9607
45.4921
46.0182
46.539
47.0546
47.565
48.0704
48.5707
49.066
49.5563
50.0418
50.5223
50.9981
51.4691
51.9355
52.3971
52.8541
53.3066
53.7545
54.198
54.637
55.0716
55.5019
55.9279
56.3496
56.7671
57.1804
57.5896
57.9947
58.3958
58.7928
59.1859
59.575
59.9603
60.3417
60.7193
61.0931
61.4632
61.8295
62.1922
62.5513
62.9068
63.2587
63.6071
63.9521
64.2935
64.6316
64.9663
65.2976
65.6257
65.9504
66.2719
66.5902
66.9053
67.2172
67.526
67.8318
68.1345
68.4341
68.7308
69.0245
69.3152
69.6031
69.888
70.1702
70.4495
70.726
70.9997
71.2707
71.539
71.8046
72.0676
72.3279
72.5856
72.8408
73.0934
73.3434
73.591
73.8361
74.0787
74.3189
74.5567
74.7922
75.0252
75.256
75.4844
75.7106
75.9345
76.1561
76.3756
76.5928
76.8079
77.0208
77.2316
77.4403
77.6469
77.8514
78.0539
78.2544
78.4528
78.6493
78.8438
79.0364
79.227
79.4157
79.6026
79.7875
79.9707
80.152
80.3314
80.5091
80.685
80.8592
81.0316
81.2023
81.3713
81.5385
81.7042
81.8681
82.0304
82.1911
82.3502
82.5077
82.6636
82.818
82.9708
83.1221
83.2719
83.4202
83.567
83.7123
83.8562
83.9986
84.1396
84.2792
84.4174
84.5543
84.6897
84.8238
84.9566
85.088
85.2181
85.347
85.4745
85.6008
85.7257
85.8495
85.972
86.0933
86.2133
86.3322
86.4499
86.5664
86.6817
86.7959
86.9089
87.0209
87.1316
87.2413
87.3499
87.4574
87.5638
87.6692
87.7735
87.8768
87.979
88.0802
88.1804
88.2796
!
