25866
72504
153310
238588
379266
496548
616964
772520
977148
1238840
1436586
1721008
2075266
2395552
2669490
2990476
3416832
3956284
4344150
4934620
5389546
6014384
6503926
6882008
7448980
8013772
8507470
9061712
9552066
10128784
10667338
11230296
11996152
12549676
13210042
14248396
14979854
16084604
16910118
17753632
18529636
19373088
20197938
21066908
21905828
23128604
24018562
25334648
26200064
27519824
28714816
29513232
30487278
31471492
32467024
33786648
34716586
36023936
36964762
38366120
40072524
41104108
42654224
43806716
45389312
46304188
47591354
49343504
51026336
52247192
53578828
54855936
56343982
57736972
59242264
60924964
62107374
64080956
65616720
67315512
69184368
70628204
72311856
74040608
75834302
77192552
79139064
81074808
82818110
85198036
87141088
88759172
90573994
92113716
94644634
97228208
98880458
100377724
102162626
104333784
106920390
109128376
111190662
113114808
115241580
118115072
120365892
122693432
124885614
127555992
130090526
131927856
133805572
136433156
138836304
142181108
144596648
148202284
150824282
153963312
157871856
161098584
164431916
167257812
169268078
172051308
175100788
177952848
180389100
183383184
186450324
190392908
192917648
196463820
198880502
201468936
204303710
207579072
211275420
214202740
217003628
219570500
222627180
225630228
229535278
231823340
235002686
237555700
240238222
242880900
246698944
249648000
252822788
256281804
259742690
263398296
266914610
270401432
273989862
277122680
280011064
282872944
286033708
290261136
294243708
297693584
300730044
305562288
309833662
312863564
317175714
320726912
324456980
328637336
331578408
334139952
338144710
341311136
345050838
348502092
352229312
355629280
359201434
362122564
365771514
369260092
373145048
377325360
380228764
383717824
386914606
390291904
395336754
399040648
403433048
408336832
413085452
416932728
420467794
425179396
429109662
433156200
436494880
440466856
444402906
448779372
452913542
458298924
462440244
466007232
470126404
475404032
480231900
485381428
489320932
494651284
498200616
503426388
506522856
511317440
516865440
521185068
525794954
530719040
536551994
542887768
548133740
553713400
558171234
563486664
569052504
573311880
579374308
583510492
588539776
593151032
598963538
604491460
610536384
615301104
620544264
625023484
630582472
636653700
642211890
647955796
653239170
658363600
664281802
668736292
673777638
678914472
685136310
690843256
696648822
701394824
706371876
710816248
718103380
723332864
728739856
735141496
740174774
745018792
749908592
754667528
760342294
765936412
772557746
778866972
783370518
790710696
797402866
802778908
808683224
815649016
821060554
828216708
832335698
837913228
843011114
849200532
855219814
860844080
866817756
872417444
878126230
883639508
891915696
899943492
904908494
910926896
917594134
924156724
931780214
937219348
941912912
948968540
955445754
960559988
965857464
971070668
977407602
982302064
989092052
995793376
1001909882
1008318960
1014107338
1019178476
1026933578
1034689460
1045155700
1049631476
1055165002
1062021620
1068950278
1075343188
1081326810
1088383268
1093410818
1099687984
1104943008
1110886948
1117613464
1125472040
1130549838
1136137776
1142849378
1149204820
1155548472
1162748568
1169404910
1177005948
1183749548
1191964624
1199372088
1208301788
1215036484
1223195160
1229966272
1237154192
1245185716
1252451128
1259224638
1266262352
1274425150
1281926340
1289374056
1296322104
1304693486
1312695612
1319263256
1326254444
1334352756
1341163700
1347570794
1356239272
1361940314
1370335804
1375717612
1382725428
1391691416
1398102644
1405438402
1416513504
1423241922
1431258632
1437284628
1445106472
1453975502
1461389280
1468525494
1476568100
1484289886
1492565312
1501269684
1508780532
1515476760
1522172368
1532274810
1539371032
1544458214
1551447700
1558993838
1568464296
1576628256
1586752328
1596461760
1605650744
1615569528
1624136988
1634501646
1641877520
1649985992
1658005268
1668819460
1676935352
1683384520
1693495832
1701123064
1710058992
1718801184
1726738924
1737192818
1745096660
1753057654
1763347172
1772725010
1780078400
1791015958
1800536724
1810326576
1818355552
1826539176
1834913468
1842462478
1850376984
1859739640
1869224024
1876512614
1886346996
1897646148
1906028312
1913927072
1923082720
1929413366
1936351116
1945636896
1953625212
1962121944
1970668460
1979382328
1987003512
1995574740
2006326036
2014190032
2021435448
2028937484
2036725768
2045529320
2055480360
2063423318
2075083776
2083228380
2092725244
2098958690
2106856632
2114653826
2122467600
2131612880
2144144144
2156880984
2166571008
2175493978
2184092772
2196206834
2206353404
2216155522
2224660068
2235619334
2247097264
2254792456
2264661720
2277074010
2282801360
2300045646
2308980304
2318290946
2327405724
2339216486
2349397004
2359402334
2370754640
2380089930
2390403684
2403475650
2416262172
2426313218
2435510624
2446061674
2458299552
2471469564
2480883668
2491757736
2501607300
2510615236
2521685512
2530262314
2538990124
2548780050
2557177300
2570626306
2579249648
2589545454
2602506964
2610714340
2619856880
2630389650
2640019732
2650434448
2664070640
2674802952
2688720036
2701470128
2711510588
2719702040
2731044220
2743254544
2754483228
2767725650
2778243444
2789401774
2801334812
2810730714
2819605304
2831635076
2839751652
2848321510
2862859740
2872465770
2882786784
2893187944
2901888676
2911011936
2920909116
2930843362
2940811132
2951145420
2961936404
2973256866
2983441304
2998580072
3012281940
3024192428
3038630604
3049759628
3063277024
3073726332
3087867512
3104037040
3117547336
3129169892
3139436288
3150721914
3162314472
3173464338
3187263276
3197612120
3208980300
3220270354
3232730224
3245094818
3254284804
3267949076
3278606388
3290889514
3302702256
3316051552
3325799616
3338649444
3350644192
3357571018
3368702092
3387101512
3399171388
3412281236
3423271988
3432932222
3442065452
3452849386
3461664208
3472880920
3484101152
3495826274
3505739596
3514632654
3528048116
3539012134
3550716728
3563675502
3581560588
3593953460
3610668676
3625174708
3637353300
3647522886
3663026472
3672868090
3682731224
3691266664
3705251632
3713851060
3726192680
3735190802
3746470040
3757226954
3774792984
3787262022
3799014556
3808051594
3822963624
3835881258
3848946500
3861775386
3873810092
3886402590
3898185820
3908125026
3925331800
3937190298
3948710948
3958953342
3971093688
3987963392
3998772344
4014893188
4028533668
4041575956
4054907020
4069633186
4082043932
4092954754
4105742316
4117730882
4128133832
4141616668
4153431736
4165946314
4180797748
4193455874
4207675084
4221195332
4234217232
4249213980
4262969852
4280882408
4296667028
4307243634
4325490480
4341557770
4354096548
4367387136
4382068000
4397783540
4410338208
4426434982
4437945816
4449527798
4463388472
4480895120
4493147936
4507730112
4523645816
4539673934
4555137732
4567926900
4583748588
4597478820
4609582584
4624635500
4640209836
4653804534
4668697708
4682981700
4695432608
4709907816
4726009776
4741848858
4758304608
4775573014
4793214636
4807816328
4822376856
4836784128
4852848340
4871227986
4884814336
4901637986
4918068168
4934040578
4955402144
4967921674
4983982516
5001080164
5013641832
5026180764
5039275388
5055030562
5073830200
5087900868
5103202956
5114573338
5127895292
5140906246
5156183708
5170808908
5182344272
5201998888
5216784444
5235126916
5249450312
5267583930
5283167976
5295400802
5314006452
5328792972
5342304220
5357485742
5370232344
5384223600
5400901208
5413959936
5431823920
5447467114
5460594344
5477491734
5493751528
5509350362
5527365868
5543197460
5558973200
5574976522
5589727316
5602882750
5615427620
5628110426
5640279548
5654729158
5670673492
5690832406
5707412528
5723041610
5740922480
5757226806
5773124956
5784855850
5802250584
5819239104
5839522160
5854855168
5866791172
5882652414
5895474812
5910209358
5925700468
5942178438
5958374268
5970556034
5991892348
6009674458
6025206964
6041532948
6061056724
6077254156
6096035072
6118593394
6133555696
6151175726
6164589148
6188843006
6204019396
6220476398
6235059840
6249389584
6268430988
6288416274
6304822348
6318119492
6338608468
6352179090
6368474420
6385512386
6402559180
6424413094
6439173032
6455271882
6474426168
6489682774
6502005624
6516298090
6530864280
6548776796
6565271752
6581338270
6595019204
6610707246
6625668800
6643084676
6660939600
6679349346
6698028240
6714055280
6733971384
6746223614
6762695648
6774353570
6792399944
6812640306
6828295896
6844987530
6862311164
6882298900
6900394004
6917261358
6932180012
6947751256
6963070204
6985241362
7001345456
7017300068
7040053780
7054980912
7071144352
7087096752
7099434360
7114347004
7131656388
7148922232
7170115972
7186844864
7206948048
7219764720
7234353644
7248312290
7263587388
7280225684
7301485612
7322106102
7340052164
7353492828
7363550692
7377846858
7400136740
7416254258
7436115672
7452096544
7472836800
7491019838
7513970680
7529247666
7545758264
7568682250
7587977824
7602827858
7622611676
7638097318
7656861848
7672419598
7688460344
7707086922
7722220284
7747563334
7765969628
7780526112
7803621708
7824739906
7844464064
7860215750
7879000084
7899873494
7913291712
7933412140
7959788856
7976471436
7989763680
8013938024
8029771492
8046262974
8066929172
8085644110
8102291828
8117037264
8132496120
8150731824
8166344232
8184881846
8198166208
8216987768
8236785180
8258707828
8279173112
8296255054
8317001636
8333417408
8353133412
8372448528
8386032192
8404627654
8425422592
8444047454
8460685152
8476829722
8500654772
8518093092
8537405076
8559193716
8577102524
8595093844
8612872584
8628931088
8650604976
8666782026
8685197356
8702307770
8717144032
8733044612
8749466668
8767574878
8783361312
8800736790
8817797696
8835824530
8853817532
8874674140
8891074584
8909132786
8926478632
8951068018
8978259692
8995441220
9013293060
9033263388
9053181064
9072908128
9092380736
9110782592
9127641660
9144658100
9163688144
9181861718
9197796820
9217117158
9240628644
9261657742
9284415512
9300857312
9328737836
9352536996
9373001368
9393147300
9414084476
9433846154
9457795204
9478813280
9497403092
9518039882
9541066636
9561969980
9582112904
9598320044
9616273788
9629084558
9647542964
9664142250
9697700396
9720076590
9738859660
9758622972
9778057276
9794365614
9814506676
9831857246
9863653120
9884371742
9911046396
9933181804
9952978532
9977482564
9997529852
10016686264
10035195156
10053428902
10066599640
10082672082
10106869768
10131100978
10147223940
10164731958
10178889488
10198356966
10217617548
10238995602
10261709736
10275749258
10300763036
10321935680
10339808540
10358895926
10377212548
10395098450
10412921136
10432100474
10460338104
10485812128
10507029468
10525630602
10548174932
10568370666
10587648144
10607423812
10630653888
10653758998
10671784940
10703906942
10725266940
10749784850
10773777364
10791170006
10812807464
10832711838
10857640268
10881626006
10903278228
10927733118
10953556484
10972999032
10988982060
11019749404
11039146992
11058162670
11074213204
11097072588
11120279940
11142576948
11159631780
11180814534
11203098384
11229863700
11251913992
11278224656
11307292888
11329068554
11354856172
11381805312
11402114704
11421888662
11447126252
11478627314
11497218792
11520497412
11545782884
11566928244
11587223548
11616878152
11635082908
11652041768
11675986588
11706242408
11730953048
11755427714
11775705220
11803932288
11828679176
11846434590
11873347320
11897870920
11921471768
11943542758
11967125868
11985640688
12006952352
12029615974
12056032472
12078074460
12098480124
12124984286
12145994892
12168689162
12189540672
12213574442
12238054964
12259015990
12280370616
12303358906
12326607660
12348613986
12369714944
12397417222
12421223476
12448672500
12471014136
12501037006
12521362652
12549414428
12572903176
12597952830
12621224644
12643843544
12663981692
12693059982
12715685900
12735590688
12762851076
12794877962
12816088840
12840554742
12861202172
12890206236
12919041652
12951471934
12971450344
12997760862
13016542532
13038007332
13061559136
13082246678
13104783528
13130816160
13157522212
13183681906
13211026660
13240199070
13266513540
13286570416
13311403452
13339902844
13365191916
13392266470
13413470456
13439685028
13458085908
13480586192
13499333512
13524098072
13552991152
13578876602
13604732388
13634595930
13659699052
13687424778
13706609468
13732753798
13757078924
13776844294
13796376012
13823950004
13846809032
13875119256
13893659992
13919815682
13948569732
13976179786
14007449016
14026194188
14056319244
14075418274
14114118912
14132765458
14155889312
14181547572
14215092292
14238721292
14261235192
14284178654
14309343012
14333300002
14362791284
14389605892
14414970352
14438445708
14461393972
14484681422
14504804372
14525207672
14539308696
14567854878
14599483456
14622724582
14647177348
14669623092
14689082216
14714426602
14740958380
14762102532
14791581392
14815177652
14844071840
14874152664
14902225916
14926599510
14950672248
14981106606
15008757352
15034341578
15059174372
15086997322
15112783384
15138914074
15160750056
15182686936
15202921396
15234224718
15256117644
15285151982
15301358692
15323495320
15347595304
15371025572
15404600632
15427612982
15450030364
15473206780
15493389240
15517933596
15545030356
15569226312
15590163172
15616664282
15633237336
15662686838
15693907108
15725945652
15751529924
15772822682
15804401420
15829894322
15852316628
15874436628
15907896484
15932520200
15955686692
15986482264
16017389616
16040318854
16061057728
16086309456
16112547564
16140312816
16159783944
16184089332
16203541432
16228002520
16247519832
16273479558
16306736308
16326906244
16355933268
16382653618
16400308708
16425265210
16450126452
16471087832
16494309588
16516550268
16542077968
16564161038
16597605488
16624062484
16656398240
16687167426
16716463620
16747791406
16775521584
16801297064
16822233012
16844230862
16873497456
16899517856
16923758820
16960949490
16989204512
17019202760
17045414036
17070564958
17091617152
17117171954
17135449936
17163129086
17187941224
17209265900
17233740652
17258862502
17283836332
17307226668
17338529588
17359874318
17383459612
17404535604
17435633852
17457647522
17484378604
17508132662
17534452572
17563063006
17584036036
17611521704
17633915328
17657516660
17685615864
17715168388
17742861124
17765586582
17790876992
17814668130
17842417808
17871430956
17895175668
17923446990
17961717892
17993885798
18020533100
18055312928
18090265332
18119415548
18152958896
18173898066
18199647236
18233077084
18258742220
18284844966
18309045192
18327806988
18357569412
18381836364
18419380452
18447525098
18477795668
18510528818
18535121264
18566729722
18594129540
18623958120
18645175084
18669236632
18699201080
18730210986
18757860680
18791684290
18816825340
18849564562
18874688420
18912000004
18940043640
18965574700
18997789100
19024769250
19055607400
19089027812
19116711904
19148403680
19187061252
19215601060
19239445540
19266605320
19297593696
19320847856
19350702504
19388900570
19426983276
19468444416
19500278372
19534285990
19559432196
19582714232
19605692760
19624918960
19654961068
19694545422
19721394728
19744480676
19775174636
19804419046
19838113640
19864309062
19888708916
19913457688
19943570364
19970381100
19995870616
20020078790
20047803568
20087333578
20111590436
20144442278
20181063816
20207737746
20235147184
20275466454
20305355852
20334298366
20364728084
20391140332
20415793792
20442618386
20474986440
20505328254
20525076460
20558929820
20598574276
20625659018
20663325176
20694549630
20724119992
20763582116
20796671720
20830184442
20852835636
20880174838
20911040708
20941075650
20978908712
21006071490
21038976212
21070437342
21109014868
21139892360
21162546568
21204774918
21226865844
21256718816
21286304520
21316946280
21340253436
21371243130
21401290180
21430826116
21466761072
21498680732
21530060276
21553043874
21588511000
21612181386
21639487472
21670568558
21717490292
21744792118
21772871088
21800274800
21829141600
21865589966
21888099964
21915747516
21940560620
21978343618
22005035288
22035170566
22063152088
22093936614
22137405304
22171027274
22205588888
22235638124
22264165324
22292042592
22329558144
22361219266
22385230544
22417215456
22445327684
22467416802
22500573824
22527184446
22556095168
22584058278
22613592080
22644712892
22670504316
22704270470
22735590664
22766426716
22798925032
22838545636
22872812608
22902132164
22938089072
22964304636
22993281120
23028216462
23057976420
23092408786
23120006460
23146445540
23181406500
23213381124
23243503876
23273288906
23307043156
23348176494
23387996484
23414496694
23450494100
23482038026