35922 66803
26782 59975
20627 36176
47941 54222
320 55181
22943 71012
6993 18078
751 5015
7198 35151
13253 60133
63215 80001
38286 41488
9282 59538
26543 34445
20171 34260
12992 50031
305 32527
3505 43665
34653 71002
66 1972
51202 96303
23900 43453
15532 18150
39993 89668
51561 71008
50654 52658
38689 97663
5355 16975
17367 56111
65923 73640
23530 58958
81805 83988
3289 3582
34283 43667
36670 68711
20702 28770
22333 84608
25784 64549
4462 63359
3405 16188
34658 88290
29323 44298
8939 35944
6137 12518
7872 8463
31732 63162
2612 16398
23016 90450
3140 44353
30042 33737
29724 60572
233 26285
32528 69202
1819 7475
7655 25644
51217 94718
39425 67355
7284 25848
79570 97414
134 33044
1248 1251
49576 60991
45043 96253
65 372
7700 17012
5405 20006
16728 22753
17005 20107
52624 66369
18390 19774
1221 1631
23793 95105
7942 34251
15978 60130
51609 80138
2683 2736
45133 80836
13091 35962
40986 53437
25272 72491
15226 21737
45034 61746
6608 18801
20305 51857
41719 68388
50149 94035
11399 23518
3840 13943
183 1403
69793 73065
16529 67095
24707 79618
25252 76749
40482 44493
17914 88343
14609 15065
39106 44661
77470 99883
12203 90593
7595 88279
3221 7593
20379 55283
8158 16211
23955 24625
32566 45776
10407 54680
19882 54069
4504 19657
73461 82280
55759 95374
16363 26306
18739 96811
48432 68634
21742 50329
74720 93751
474 62165
34972 39359
50905 59094
8498 19945
22363 28435
30523 47382
22807 49003
971 2670
25719 80005
5736 30625
20680 27502
1132 90822
47026 65245
35255 40407
6320 6900
5010 53001
3532 81180
4396 46719
53136 60704
26811 47758
28918 48533
12692 22831
19530 24719
5725 63608
4531 16653
38362 84350
5900 82758
3945 18933
19397 51262
15866 30073
48558 49116
9557 60309
2134 3011
26800 36313
10842 75037
32660 47616
51055 91185
28045 64993
39438 56338
40516 55470
61265 82767
44664 65729
80728 95178
13141 31234
8990 14303
10970 51281
69456 84924
96280 96411
9918 22215
5170 28159
7934 46631
18662 36410
8907 10079
32047 97476
35669 51966
76238 90197
9306 91396
11548 33198
7858 39656
32376 62031
5819 20149
51310 63123
2126 46140
65103 77330
38162 77638
12700 32346
8059 83943
14567 23617
4451 6112
13031 87765
8365 24046
39832 87474
6022 48901
1751 88133
35114 41529
7689 18264
22165 69619
4316 75395
11621 26880
27685 46285
24947 51522
77865 94345
568 917
56382 86435
27641 33010
913 2849
47535 75903
25519 43568
931 28794
32643 76358
30306 43170
34472 54498
38268 58096
5266 10349
76024 83461
30199 49950
17808 42157
11880 44026
43833 79172
3579 38338
9675 14409
2925 26307
9420 56382
39329 48411
82856 85402
7161 14008
35164 47366
33453 55096
1610 2345
5427 31361
57098 73057
38995 84079
12350 53648
23995 87800
53059 57602
1555 6308
15341 31641
916 9505
64675 78342
26897 66945
41187 41425
38228 55196
30628 52509
68962 91458
51771 82391
8189 8768
4282 10291
33346 34239
5938 24638
30706 50411
14827 49897
32929 37501
7884 39530
811 7240
57595 83918
30870 54966
12933 34390
21309 69554
3737 10432
49006 54242
26791 27222
3424 7551
45486 69059
31929 65396
55322 74112
24270 57933
6483 18040
30278 86073
28186 66414
9611 37403
31516 55737
6639 67963
1471 24153
38572 76813
13497 17402
7308 28308
889 8053
54144 61801
7729 34039
21298 28910
6703 7069
47 3044
12866 41004
15699 17817
14863 35217
10715 58401
59200 61329
16343 23129
39175 52044
71208 80952
13210 88019
10945 85938
24346 45393
25449 66350
20472 45768
2860 79891
4469 9685
3582 5377
11800 11871
40274 79381
6163 7238
20888 21991
26470 47496
38534 92034
1814 3668
1421 19936
1471 26066
9980 30448
11907 12172
33131 42359
7307 98793
18438 40609
55517 74412
30781 41205
34300 58802
28978 57298
95069 95090
2267 23263
10163 75187
39528 92660
29949 61757
6707 65372
70914 84320
6565 69115
62837 75861
49453 60569
34776 92884
18244 82490
6182 34762
14422 61569
4798 32045
20805 58548
14121 63070
78067 82858
9197 15070
990 53124
15570 16956
37540 37752
13242 30591
965 12766
17297 21512
44284 50497
240 40330
12120 60298
37997 56728
23224 78174
37471 87057
47690 73343
53926 55170
889 2601
6104 8295
7659 28884
22836 29741
11358 84938
12043 63589
34194 41555
45152 69156
31769 44400
20222 39529
72127 99551
392 75787
215 282
16111 31580
26463 27628
29686 71283
61368 72491
43952 84373
13058 18761
13314 18529
511 4020
65249 87998
49779 91975
47096 66446
30607 41493
39177 82535
17964 41177
56464 95590
8905 32834
8049 21125
8567 15633
1727 8711
576 8653
8503 44341
13485 40393
19578 76621
6862 16615
1597 1927
46249 96588
26612 39876
29361 76439
336 707
72535 83340
8390 19498
3459 35634
32554 59376
43289 51759
70245 85274
28664 39169
14661 32204
23935 72660
56259 69678
1435 6132
60148 68872
13848 24345
3473 3794
37302 94875
12767 33644
5545 10565
30987 63593
2843 3607
44334 46236
42147 95068
13015 58754
37181 66265
9755 68239
8609 25926
28070 61061
35063 65325
20342 40428
12814 21120
47535 83839
7754 24169
25331 25449
6022 7175
93678 94733
7411 47500
821 12109
32623 68710
21842 56472
1964 2475
1317 79375
1042 51728
11516 20542
31588 49563
10471 63135
62361 65051
42853 45062
25469 36811
2271 45737
12502 35434
1074 4384
2660 3945
4388 18937
3673 8114
37443 37739
25979 70928
29309 33606
38035 81707
39207 80558
5306 65462
18479 57536
15650 35495
10271 23508
33401 41897
4525 97837
12915 91182
49034 54063
2491 3709
7055 8829
4659 25894
35373 52255
40143 67286
11919 17590
16057 23708
14826 24954
9747 89586
50198 77532
24573 28730
21748 79987
61488 66795
5032 24586
28694 52620
28189 65085
31105 60426
44263 62122
17942 92543
14979 27740
1001 1316
56005 89854
70146 73912
1435 18952
48706 77382
34483 79576
3897 49040
8461 22545
23052 92805
15605 56125
51822 61442
306 12465
8784 12897
16209 83506
61990 81672
62562 69556
11296 59622
34096 75578
33930 42376
14466 49601
45332 64538
14955 26163
8116 9338
27639 65486
5342 29440
38257 38448
1280 67840
53103 62673
60356 90190
8767 42935
9174 38398
37962 83018
58969 61526
14631 52954
29544 71131
53403 88314
22792 84079
410 2342
50909 65644
56123 66792
29134 56786
93981 97065
9 96
10337 73648
34864 96104
2271 54260
7199 7424
1776 15215
42853 42966
21786 38173
7999 40191
6754 18679
59491 94675
12069 72394
12531 17320
47480 64013
16838 40675
14490 15144
13275 44970
20281 25465
75339 89315
55676 74920
40607 60172
2576 6596
4792 62022
86743 97579
13655 86213
767 22246
74430 97772
76914 83558
40712 41272
13566 22575
21076 29654
35840 52359
29850 69458
28534 71933
12762 19166
3085 8332
45051 54645
739 1070
28623 80654
28544 33589
75055 78550
20939 94843
36132 65107
67704 96413
37108 52774
18629 69739
30064 67574
4039 86125
35155 45733
11203 35710
22866 25854
44367 76333
54130 83498
12208 14493
34665 61770
2277 6422
27477 70690
16904 52347
3906 29827
20112 44400
16883 18639
52853 77073
22233 66938
27307 62813
18070 26386
65524 76819
4064 22445
12227 17906
18135 54024
7310 11453
10398 28902
10804 69551
19899 28243
32551 75205
58950 91481
29933 34967
38634 65153
18059 49613
29268 79595
603 85460
7634 13165
3416 78314
48152 52117
12204 18072
72818 85546
1194 16309
10019 11658
34535 47403
2779 65646
60018 96212
34776 83500
26812 46147
30412 61224
65172 95668
1404 2047
2000 6742
38931 86571
6738 58857
17345 41503
24577 78284
28996 85775
60361 87754
19599 48648
15055 91573
84613 96857
48126 50858
31448 83417
18720 54563
13669 13908
24062 35922
1892 6065
21800 32378
11 88049
20596 30320
30912 61890
11492 73428
2724 76119
32105 81618
16487 32205
70223 93523
32586 51541
7111 89755
24914 49190
4548 91067
5261 5934
37533 90708
44522 52134
57430 71656
7401 13255
1620 3062
6223 29606
17299 68415
5913 7245
52666 94738
15318 17348
59637 66804
75819 99088
30957 97616
4620 6704
3125 45379
3337 39317
52900 99703
41679 43547
12759 64018
61211 86313
39969 67197
14036 74975
12293 85765
72263 76060
36944 78063
54832 80175
4404 23688
322 3480
56348 58491
67535 84913
76602 83555
39781 45123
13023 16628
25633 74845
20766 27908
29912 68627
10329 31733
9900 80514
20210 22215
27387 51573
71863 75687
5438 61362
8509 12806
14542 17389
38677 86934
10337 56576
59389 65627
1258 13792
21180 34369
42944 96499
70979 81371
20490 51058
65645 75410
15364 40193
1899 16342
14466 81917
6521 11973
23492 30193
27334 34933
54861 84684
60154 64358
42774 47262
71717 83642
61331 79877
13516 21059
16943 24847
3556 54743
34026 42481
68182 73694
57594 60352
13660 54026
15381 20155
3360 25224
46095 76913
3011 82364
32909 38758
12742 87297
3463 3857
79113 86856
33712 75788
64423 67149
31942 42309
29899 47202
14980 57237
13680 17730
19837 29650
42981 74914
52584 70617
23362 36704
8876 13229
30178 84875
187 5755
20881 28249
8152 30878
25231 88393
828 21854
10940 50981
5722 30517
21746 97818
2520 16333
883 51534
3186 52323
3633 38854
2003 31226
1083 1228
13312 36345
40078 70212
9170 85002
12819 84571
37712 55773
49407 69273
57259 87094
39760 46423
86707 94459
19996 83317
8607 35847
7650 61204
18975 59903
36969 44473
1 245
53939 64393
39434 46364
21878 92785
33185 82121
37588 65437
82190 96159
35745 57362
1441 1911
32002 58406
55540 81908
24248 45827
1823 3323
7601 8188
6224 47582
26267 34423
27732 59769
33055 51905
44595 69598
9080 17505
23674 77604
42645 63576
9074 20143
42710 64838
23794 38681
6317 8789
2083 53754
23838 78266
7096 52101
32846 40285
66841 71918
35595 52369
9536 40906
3197 78768
11477 53618
324 47574
10806 26072
1742 80147
28733 67161
8136 83899
88645 88766
7 63669
7654 9884
77045 83527
21266 37144
44882 79593
2681 5665
64332 85810
11463 47848
2773 31746
4018 20512
36383 84179
26768 28366
17533 77375
11055 43208
14530 85444
695 3210
18917 45150
2814 6695
24038 57989
17311 71317
72028 96563
39167 57434
77146 77285
7152 54555
1397 21239
2606 7875
2868 3874
1713 66669
4567 5792
26225 76179
70102 89318
4258 14186
29878 60664
8480 12280
76572 95929
44011 96327
13850 19139
4273 39925
3259 11656
22072 60954
9384 13452
17096 37959
34382 62840
21781 70591
93930 99295
21314 24151
32667 53488
13870 22209
3131 42131
46289 60995
23346 44995
11504 95815
55832 60645
13837 27012
17729 34102
773 8275
6334 57403
44877 75115
10367 28077
4697 16957
702 23054
3169 25441
32087 33178
12023 17175
67552 74340
468 604
20906 97413
63785 68538
26357 64147
31029 80526
29965 88873
59111 87270
11867 18798
30792 41172
3955 19860
27283 59277
69345 73329
3833 20626
9125 18250
15918 35009
15141 18758
1266 6027
11809 19700
2418 60871
67416 75606
24302 29759
2038 3088
15240 18589
30947 31714
7802 34922
37635 66295
2311 19155
62923 82637
7978 96276
22631 26618
7476 69183
5917 32890
70557 78935
19512 38507
57084 75992
29548 57364
68505 87015
23163 74289
37737 66826
2568 29441
56297 85916
21514 76009
7304 16396
32451 97411
36398 78663
84639 84912
31099 34914
32505 34693
2751 3950
35181 93305
46889 83490
36977 94014
8471 33087
3315 14173
64100 68984
18146 22197
24186 45226
702 46979
6163 15216
31568 41088
39786 46090
80322 99402
19580 28791
5123 13190
44877 91104
4587 33404
59298 97449
19485 65133
906 15866
6607 11351
51063 70779
52002 90314
7126 40839
11931 28503
51644 60961
203 1508
24230 35053
45986 96509
15277 20569
101 934
22256 30908
86308 88857
49845 68795
2440 3808
3290 13188
1769 50551
1930 48339
24280 41529
67118 71976
21316 60018
14314 31374
35141 42376
64079 82181
68912 74455
4498 32387
27852 36833
13805 16074
17733 67557
52635 56414
63517 93386
53860 89823
290 6257
5 43246
46218 52282
75263 79544
113 16377
10421 27326
91459 94881
44927 51294
9338 39556
21950 29378
5524 35634
58480 78878
4296 10261
4969 14551
783 27236
79597 85305
42011 55681
229 1789
914 7625
34710 52994
30951 38361
41121 53049
17848 60296
374 6656
31726 72359
58510 62573
13557 46172
2474 18186
31488 50744
2114 60624
8319 11345
28084 93429
14526 89830
41721 47704
26870 41471
