1 0
2 1
2 2
2 3
3 4
3 5
4 6
4 7
5 8
5 9
6 10
6 11
7 12
7 13
8 14
8 15
9 16
9 17
10 18
10 19
11 20
11 21
12 22
12 23
13 24
13 25
14 26
14 27
15 28
15 29
16 30
16 31
17 32
17 33
18 34
18 35
19 36
19 37
20 38
20 39
21 40
21 41
22 42
22 43
23 44
23 45
24 46
24 47
25 48
25 49
26 50
26 51
27 52
27 53
28 54
28 55
29 56
29 57
30 58
30 59
31 60
31 61
32 62
32 63
33 64
33 65
34 66
34 67
34 68
35 69
35 70
36 71
36 72
37 73
37 74
38 75
38 76
39 77
39 78
40 79
40 80
41 81
41 82
42 83
42 84
43 85
43 86
44 87
44 88
45 89
45 90
46 91
46 92
47 93
47 94
48 95
48 96
49 97
49 98
50 99
