730 -278
519 -776
-420 -98
-19 -355
500 752
420 -439
571 663
-754 -441
-32 771
739 -998
670 248
155 975
-741 -562
396 898
-45 807
-128 947
965 -893
-965 -103
-613 -63
12 -265
688 -201
850 -113
-979 211
657 901
-620 211
-588 -683
-623 -958
629 40
-387 -956
763 562
5 -524
-908 -481
-821 811
595 672
-181 404
155 337
945 -786
301 157
-615 18
366 -29
646 -251
813 698
-392 -416
131 -189
312 -258
380 -337
-411 790
-155 -175
100 -694
-329 -140
-637 -129
-637 -752
-81 -754
61 -839
-521 986
-914 -87
64 -701
5 608
74 -998
702 -871
419 230
582 -546
-869 -938
-450 -338
56 872
222 -994
651 794
-773 654
-606 575
-789 -147
-593 -396
777 -816
-775 435
613 367
-367 -456
-514 -320
600 706
-574 -647
575 -276
869 144
-561 -547
0 -955
-165 748
-20 978
914 -616
623 881
-583 -984
966 783
89 -226
-716 -240
660 577
570 931
350 875
-936 471
778 -672
-734 -610
-526 -736
550 305
747 895
29 260
-72 899
-112 -948
-258 717
894 254
680 -100
155 -503
-21 -642
683 -809
-3 -359
-401 80
-654 -919
686 368
519 -438
136 -886
435 281
-345 781
-358 6
-73 870
-172 557
904 453
-146 -331
690 -780
863 727
-344 -218
-531 -285
927 -83
-432 -992
177 591
-536 -732
-883 -39
395 -157
-686 436
-62 170
-852 -233
-428 -498
-483 -451
835 368
-928 729
-970 180
-966 103
-474 -989
273 341
-819 -978
962 114
-437 -429
-962 -43
-661 101
101 -639
-10 519
982 -664
87 409
-876 -515
143 -138
-723 -481
185 797
-536 99
992 175
813 944
207 -616
-630 305
138 -62
306 983
-36 -538
216 -691
272 -11
-579 864
467 486
294 -946
666 -320
-158 782
16 -454
-229 -975
-173 -640
282 247
-720 -983
672 -155
875 -200
50 -459
644 -80
-428 -193
-841 715
-54 -665
722 -708
-533 823
124 -381
-745 -130
356 978
650 681
519 222
-559 -607
551 -344
781 725
760 -676
422 -935
508 -343
-47 927
322 -430
-939 -106
379 -187
26 -560
-467 522
99 -936
555 302
206 947
-75 -847
538 758
155 460
712 -55
376 -585
133 683
829 -630
-217 822
-965 -766
-939 611
-123 -921
924 561
-186 124
-321 339
415 -154
719 -520
-269 512
-852 -353
-394 638
-38 -647
675 -751
-617 449
-835 715
-340 186
-599 -717
499 489
-358 779
360 691
413 736
-910 -937
-586 754
340 -753
458 -299
335 755
-529 822
-405 -658
673 -30
630 117
-778 164
-709 262
356 -131
-282 -547
545 -279
103 877
379 -897
-779 -163
-214 -407
-906 528
227 550
956 10
462 -4
386 384
682 -543
423 831
-545 -692
-678 -401
-332 344
87 -103
-558 297
96 -57
-871 -223
448 -580
210 517
716 916
452 -836
-645 732
-725 -504
-552 -811
918 632
-731 197
-465 396
-495 831
-527 795
461 -396
869 -446
-308 330
-627 -258
-294 -36
-955 796
-721 -222
-313 686
-797 -62
590 545
-396 87
893 77
997 -15
816 493
538 829
435 -417
257 -713
-654 126
-349 -515
-575 -514
-580 853
-595 -409
566 562
546 -842
893 35
767 -512
783 -819
951 953
-606 890
-135 -683
986 850
-878 -196
-853 121
609 531
-164 -600
428 -232
-195 -368
-383 414
698 29
479 -806
608 -568
614 -515
320 -113
-964 852
-894 -695
-766 940
827 -844
-602 -246
594 674
74 410
-944 148
-875 85
870 773
921 -103
-29 -54
-235 612
-907 -841
-309 -112
960 934
692 -362
-35 -219
-77 -212
677 557
-808 -464
319 -790
-90 522
-10 -120
-906 365
-658 -326
-691 -977
88 -303
-948 -38
-188 -53
-761 865
854 -407
-472 -858
-99 566
-620 939
-208 709
-434 -312
297 -310
-805 -787
726 988
-26 -120
46 665
453 -567
-606 -326
-484 836
788 217
-752 471
-741 -319
-18 701
327 -396
-963 290
-397 274
-350 -216
-167 -535
-238 -519
-6 -520
-227 798
-243 -231
-455 815
872 350
701 492
-467 -213
-145 -884
-857 -908
96 -77
453 -536
774 393
182 766
634 601
950 351
660 -88
696 373
563 327
580 -830
-79 -183
915 -492
-713 761
121 936
-51 -906
-191 268
740 848
207 -55
-312 920
-526 -527
848 -45
233 -443
-921 -256
-392 -470
16 -54
875 -19
902 -865
-678 -59
178 -94
877 104
400 -946
-494 192
388 -676
-387 239
89 -873
-401 993
-86 -370
522 290
-731 -967
147 -176
-132 800
489 -991
-978 -647
-234 -712
-282 -768
-844 660
994 763
353 -839
807 -369
182 771
-30 157
-684 -760
-942 609
912 -386
852 29
-95 206
223 -927
599 -9
802 -594
-674 -267
-453 475
-669 -797
266 -889
647 -450
132 320
450 588
-692 276
794 670
-433 453
291 290
-258 258
345 940
482 -779
-132 -411
-325 887
491 772
-631 410
-427 -579
-337 104
555 -25
-667 -552
746 435
829 866
840 281
-136 387
109 -459
-774 674
-892 -398
411 -637
753 -603
-945 972
-843 446
-743 -681
768 -998
155 872
886 205
977 -961
118 750
639 -337
135 -845
903 -560
-237 751
-352 579
473 777
611 -571
733 399
-424 -43
-909 -662
113 -856
-868 -973
-379 -643
-608 711
928 621
-291 903
360 -475
-930 -317
3 -921
-16 -536
-40 -834
593 -104
515 -687
-455 345
-915 25
-530 112
907 -826
-862 -193
693 -769
160 813
-582 -775
-616 421
66 -805
374 -734
84 -193
986 921
170 442
-205 935
385 880
-51 77
-123 946
109 -791
205 -871
-950 -489
915 -88
991 679
-489 -915
798 529
276 -1000
951 919
-638 863
-455 -711
-802 -927
-184 415
-681 -199
-736 -334
-534 -858
-231 -84
177 -535
-917 -462
-649 -994
-444 -50
-897 239
-600 610
-507 -843
-888 -102
-347 -80
-74 -799
412 73
-504 935
-756 182
-469 -655
579 622
313 529
-947 142
-914 216
-791 -757
-600 -119
154 392
125 512
671 -230
-958 307
-91 -6
185 -856
-68 -885
-614 103
455 -370
-651 -959
392 -718
-522 -575
-565 159
-678 497
-783 165
242 -495
992 -944
470 244
-23 991
332 795
75 997
633 -394
-442 -81
-394 -857
546 24
343 -390
529 -630
-520 -477
-318 -587
920 102
551 -27
-789 -836
-454 -290
651 -27
-741 -69
751 -679
-3 649
910 -301
-926 397
-475 -944
-524 445
-376 68
134 -979
870 -945
-406 -856
-272 -626
-700 -782
-693 516
-498 -196
979 331
-115 984
-830 389
356 637
610 -232
-824 509
-689 618
37 -523
-367 360
495 -44
-392 797
730 256
617 818
-162 -890
937 -239
-11 -176
-281 878
135 -36
-594 -184
-103 -614
-886 -452
849 870
76 683
317 743
-471 893
-348 -217
-168 374
-980 693
251 168
-546 903
685 409
-872 227
462 567
273 -960
379 -807
962 56
-863 471
-13 -783
-894 189
772 -467
265 -532
-675 -2
779 881
-777 -402
320 90
-115 -722
240 -714
941 -563
289 45
244 -500
416 -272
-807 79
-659 898
936 -362
796 -921
-542 173
-647 348
-14 -319
-132 -201
164 -844
-467 -896
385 499
-534 224
750 -314
71 -808
-490 215
789 870
900 855
182 -652
22 -659
176 146
-737 496
-976 -43
-212 -200
689 383
-967 -481
861 -736
356 718
98 -563
-526 101
-295 977
448 -517
-893 146
-611 -713
677 805
-441 654
-10 -812
-397 -466
-697 879
97 906
-830 -335
-913 -425
293 -284
716 438
817 -617
864 -844
-658 -865
-581 -818
-78 -836
-133 -983
-670 -818
770 -976
-680 855
566 591
-763 931
731 208
-584 -475
-818 -284
384 835
-701 53
-593 -170
-494 985
-305 -741
461 313
889 -691
-394 419
436 -986
-370 -979
187 339
769 939
435 552
256 -734
475 -380
-226 302
404 -842
-80 305
-941 -608
-417 765
196 171
-400 996
-623 508
-826 -626
548 837
-203 -437
954 607
-806 889
456 -122
922 -8
194 -315
-152 732
185 916
-389 291
-91 463
111 -360
836 857
842 -297
-910 769
-958 497
-759 580
910 690
-310 707
122 -814
-579 278
-577 -279
438 0
290 -393
585 -267
-148 995
430 -790
938 257
632 -772
-123 793
-93 644
980 -90
-884 -903
289 332
342 999
970 -386
10 975
-791 -929
-898 622
518 -201
-55 -766
107 -712
502 -582
744 2
-377 -643
840 -253
348 -2
355 467
-667 943
6 768
260 388
448 -843
854 889
-593 848
-669 454
-918 -620
-61 897
752 860
948 -891
-191 993
-662 -685
619 -370
-890 6
600 993
539 363
581 -603
668 320
870 -930
-87 172
361 677
604 944
600 693
-273 -99
-317 53
-303 -842
477 -377
-135 262
-219 928
761 853
-487 584
-362 -537
214 -28
967 -442
147 115
-595 833
-370 838
-190 -683
-249 -412
725 651
-292 -436
84 -254
-76 716
-917 591
112 945
508 337
191 -928
863 -118
-143 133
-803 171
255 250
-201 879
-8 -37
781 876
351 -121
907 181
387 -791
854 835
463 903
824 -380
611 875
-264 37
866 -975
-834 -420
143 640
805 -455
1 476
130 175
-98 -197
916 -995
743 -345
-724 450
960 -77
-609 928
932 786
249 -400
262 -972
-299 70
-933 -254
-710 54
454 -164
-120 -393
-669 225
916 -184
-664 -305
-673 -672
-823 -564
-914 650
652 996
-746 -623
540 931
-458 936
961 69
-934 638
-80 812
540 -113
319 723
381 62
-52 737
469 594
415 399
-1000 318
-340 -451
-150 -170
365 -398
339 -689
-672 179
-858 502
589 -218
671 -284
-613 999
171 896
-445 651
-19 -539
692 -781
126 -843
9 -509
-908 -242
-664 292
-361 -195
-243 38
256 -831
166 106
-718 561
-992 -161
461 -640
-974 123
768 -945
888 -675
-80 -332
-765 81
247 -614
207 -29
-130 -791
-587 -73
781 -521
162 952
482 -65
-8 -208
-319 -927
-237 264
556 -597
-769 432
-61 806
264 -895
-83 787
-687 769
-553 856
777 887
540 -458
235 -241
630 -243
-634 -656
-860 674
877 -484
-148 927
-385 -568
947 -709
-312 -19
779 445
841 -833
-740 539
-201 236
135 -233
240 710
-586 -291
-861 292
-440 934
671 870
-245 225
-580 -168
-901 706
538 377
571 -53
-9 -740
177 -966
997 110
-282 -813
-677 633
974 -448
-742 265
-251 438
131 -466
-261 -998
295 -463
34 740
127 794
-251 -78
-275 -287
235 -864
259 563
44 263
323 -649
-605 -460
-346 -382
-811 -198
785 -40
673 -230
-252 996
824 114
-331 938
-753 451
-739 427
850 712
-415 -56
620 708
-252 -149
85 747
859 194
-198 948
